101 111
12231
11
111
1111
11111
111111
1111111
11111111
111111111
1111111111
11111111111
111111111111
1111111111111
11111111111111
111111111111111
1111111111111111
11111111111111111
111111111111111111
1111111111111111111
11111111111111111111
111111111111111111111
1111111111111111111111
11111111111111111111111
111111111111111111111111
1111111111111111111111111
11111111111111111111111111
111111111111111111111111111
1111111111111111111111111111
11111111111111111111111111111
111111111111111111111111111111
1111111111111111111111111111111
11111111111111111111111111111111
-_____01
111
1k7
111
  101
111
k10
111
00 1
111
k10
11011
    
111